31796   31.90   19.94%
77156   22.90   13.52%
11171   15.90   19.42%
15823   36.90
77381   32.90
77549   18.90   19.71%
53265   12.90
55330   24.90   6.30%
11283   14.90   17.72%
39864   7.00   10.52%
11611   15.90   15.19%
77487   24.90   9.72%
15479   51.90
31815   30.90
15608   27.90
39747   7.00   9.03%
31644   33.90
77419   31.90
15926   49.90   5.90%
39695   36.90   19.63%
73500   12.90
90365   25.90
77703   24.90
77690   32.90
15510   35.90   14.80%
90766   25.90
15665   50.90   18.94%
39896   128.90
77214   22.90
53957   10.90
53760   6.90   10.76%
53477   15.90   13.60%
53939   4.90
15142   52.90   7.47%
11172   15.90   5.53%
15136   60.50   5.45%
39265   49.90   8.70%
15488   16.90   16.67%
11621   15.90   11.30%
15297   51.90
53764   6.90   10.57%
39475   71.90   18.66%
77606   24.90   19.98%
39137   12.00
39489   7.00
15921   29.50   16.09%
11751   8.90
77572   18.90
11692   89.90   17.36%
15365   44.90   5.28%
53991   3.90
11620   15.90
77762   23.90
77691   23.90
39738   18.90
15525   58.50   18.60%
15392   18.90
39851   73.90   16.73%
15116   49.90   9.18%
15272   59.90   7.45%
11731   8.90
39141  21.90   6.80%
53518  15.90
39903  10.50   13.99%
15756  50.90
53546   9.90   7.19%
11850  53.90
15760  34.50
53814   9.90   10.91%
15419  37.90
11500 128.90
77910   22.90
15592   33.90
53502   15.90   10.81%
39584   15.50   13.44%
15611   46.90
11471   8.90
39810   71.90
73428   19.50
39987   15.50
15326   36.90   18.31%
77493   23.90   12.78%
55338   22.90   9.46%
15539   21.90   13.99%
39227   7.00
39431   12.50   11.05%
15950   43.90   8.90%
15945   48.90
39199   10.50
15319   47.90
15197   47.50   11.82%
77894   32.90   5.74%
15283   33.50
39442   21.90   11.88%
15378   33.50
39955   73.90   14.83%
15578   33.50
53377   3.90
73410   12.90
11871   54.90   11.86%
15724   31.50
15864   32.50   16.73%
15404   17.90
77971   23.90
39536   15.50
15153   18.90   19.04%
39160   15.50   17.39%
90758   25.90   7.08%
15745   48.90   14.48%
15621   33.50   13.94%
