                                                                      EMPRESA DE REPARTOS A DOMICILIOS TP S.A.
                                                                              ENTREGA POR REPARTIDORES
====================================================================================================================================================================================
13037550          B                 6223              147               4519.9            179.34            50.91             225.995           4063.66           
14994362          M                 7752              71                2251.7            99.79             34.66             225.17            1892.08           
23889863          M                 6223              102               3007.2            103.9             17.49             300.72            2585.09           
24363330          M                 7318              86                2450.2            113.29            86.62             245.02            2005.27           
24542282          M                 4803              150               5336.8            151.5             22.81             533.68            4628.81           
24721987          B                 6092              40                1391.8            75.97             18.85             69.59             1227.39           
25516055          M                 5964              64                1888.2            106.88            42.73             188.82            1549.77           
25921814          B                 7752              49                998.3             29.09             16.81             49.915            902.485           
28777346          M                 8659              84                2447.3            59.05             94.7              244.73            2048.82           
32579168          M                 5926              81                3204.9            75.97             48.47             320.49            2759.97           
32708645          B                 5926              84                2531.2            74.67             30.96             126.56            2299.01           
33479141          B                 5964              48                1177.4            96.3              51.52             58.87             970.71            
34795643          B                 1439              66                1730              64.24             33.28             86.5              1545.98           
35679675          M                 5817              218               6845.4            289.29            56.82             684.54            5814.75           
43679625          M                 6092              92                3025.4            123.27            28.67             302.54            2570.92           
52397686          M                 6936              75                1573.7            71.51             20.81             157.37            1324.01           
53469476          B                 5817              65                1699.5            78.85             38.56             84.975            1497.11           
54805724          M                 4826              96                2564.6            120.39            13.73             256.46            2174.02           
60685215          M                 1439              48                994               51.14             103.24            99.4              740.22            
64102186          B                 7318              106               3196.2            199.14            28.36             159.81            2808.89           
71914615          B                 4803              136               3850.7            153.82            75.93             192.535           3428.42           
73953533          B                 9713              217               6688.1            253.32            67.09             334.405           6033.28           
77697252          B                 6936              110               3836.4            112.65            32.91             191.82            3499.02           
78894665          B                 4504              62                1610.6            88.39             43.04             80.53             1398.64           
80913411          M                 6184              167               5205.7            168.18            37.98             520.57            4478.97           
82962199          M                 9713              140               4710.3            183.86            46.58             471.03            4008.83           
88547910          B                 4826              156               4363.7            132.22            83.89             218.185           3929.41           
88923038          M                 2765              170               5376.8            215.58            80.99             537.68            4542.55           
89367567          M                 4504              129               3933.5            106.84            79.79             393.35            3353.52           
95324349          M                 4311              148               3611              215.01            88.54             361.1             2946.35           
95482222          B                 8667              100               2769.3            151.72            72.66             138.465           2406.45           
96407230          B                 6184              147               4952.7            150.82            25.83             247.635           4528.41           
96430314          B                 8659              62                1861.2            33.23             42.83             93.06             1692.08           
96708707          B                 2765              172               4995.4            152.1             33.03             249.77            4560.5            
97394359          M                 8667              107               3375.2            130.37            47.09             337.52            2860.22           
