                          REPORTE DE PRUEBA DE PLATOS
================================================================================
CODIGO DEL PLATO     CANTIDADES PREPARADAS   PRECIO  DESCUENTO  
--------------------------------------------------------------------------------
     31796                     43              31.9     19.94           
     77156                     54              22.9     13.52           
     11171                     64              15.9     19.42           
     15823                     84              36.9     0               
     77381                     102             32.9     0               
     77549                     74              18.9     19.71           
     53265                     150             12.9     0               
     55330                     65              24.9     6.3             
     11283                     27              14.9     17.72           
     39864                     48              7        10.52           
     11611                     92              15.9     15.19           
     77487                     76              24.9     9.72            
     15479                     110             51.9     0               
     31815                     71              30.9     0               
     15608                     80              27.9     0               
     39747                     86              7        9.03            
     31644                     48              33.9     0               
     77419                     16              31.9     0               
     15926                     28              49.9     5.9             
     39695                     119             36.9     19.63           
     73500                     57              12.9     0               
     90365                     27              25.9     0               
     77703                     70              24.9     0               
     77690                     101             32.9     0               
     15510                     18              35.9     14.8            
     90766                     79              25.9     0               
     15665                     108             50.9     18.94           
     39896                     25              128.9    0               
     77214                     57              22.9     0               
     53957                     30              10.9     0               
     53760                     31              6.9      10.76           
     53477                     40              15.9     13.6            
     53939                     35              4.9      0               
     15142                     72              52.9     7.47            
     11172                     34              15.9     5.53            
     15136                     132             60.5     5.45            
     39265                     125             49.9     8.7             
     15488                     25              16.9     16.67           
     11621                     28              15.9     11.3            
     15297                     93              51.9     0               
     53764                     40              6.9      10.57           
     39475                     55              71.9     18.66           
     77606                     82              24.9     19.98           
     39137                     70              12       0               
     39489                     33              7        0               
     15921                     48              29.5     16.09           
     11751                     73              8.9      0               
     77572                     73              18.9     0               
     11692                     62              89.9     17.36           
     15365                     107             44.9     5.28            
     53991                     47              3.9      0               
     11620                     53              15.9     0               
     77762                     29              23.9     0               
     77691                     33              23.9     0               
     39738                     112             18.9     0               
     15525                     34              58.5     18.6            
     15392                     47              18.9     0               
     39851                     99              73.9     16.73           
     15116                     103             49.9     9.18            
     15272                     18              59.9     7.45            
     11731                     46              8.9      0               
     39141                     32              21.9     6.8             
     53518                     105             15.9     0               
     39903                     91              10.5     13.99           
     15756                     54              50.9     0               
     53546                     89              9.9      7.19            
     11850                     75              53.9     0               
     15760                     31              34.5     0               
     53814                     76              9.9      10.91           
     15419                     87              37.9     0               
     11500                     23              128.9    0               
     77910                     117             22.9     0               
     15592                     24              33.9     0               
     53502                     25              15.9     10.81           
     39584                     116             15.5     13.44           
     15611                     36              46.9     0               
     11471                     57              8.9      0               
     39810                     26              71.9     0               
     73428                     130             19.5     0               
     39987                     26              15.5     0               
     15326                     18              36.9     18.31           
     77493                     147             23.9     12.78           
     55338                     77              22.9     9.46            
     15539                     22              21.9     13.99           
     39227                     93              7        0               
     39431                     100             12.5     11.05           
     15950                     62              43.9     8.9             
     15945                     17              48.9     0               
     39199                     125             10.5     0               
     15319                     148             47.9     0               
     15197                     78              47.5     11.82           
     77894                     25              32.9     5.74            
     15283                     55              33.5     0               
     39442                     31              21.9     11.88           
     15378                     65              33.5     0               
     39955                     145             73.9     14.83           
     15578                     74              33.5     0               
     53377                     145             3.9      0               
     73410                     42              12.9     0               
     11871                     80              54.9     11.86           
     15724                     119             31.5     0               
     15864                     97              32.5     16.73           
     15404                     25              17.9     0               
     77971                     68              23.9     0               
     39536                     137             15.5     0               
     15153                     38              18.9     19.04           
     39160                     135             15.5     17.39           
     90758                     68              25.9     7.08            
     15745                     50              48.9     14.48           
     15621                     97              33.5     13.94           
================================================================================
REPORTE DE PRUEBA DE CLIENTES                         
================================================================================
     DNI        CODIGO DEL DISTRITO  DESCUENTO       
--------------------------------------------------------------------------------
     90367684        13.04           
     99774549        17.38           
     63640178        18.78           
     66039166        0               
     20371464        15.28           
     35606314        11.91           
     35852072        0               
     51465986        0               
     79100967        0               
     72973662        0               
     54149342        0               
     72330000        0               
     31284904        10.07           
     66091742        0               
     93961840        0               
     32538825        11.33           
     94683380        18.03           
     59561864        10.3            
     61061535        0               
     22679759        19.91           
     53420926        0               
     37282858        0               
     34571095        0               
     93282118        0               
     86836066        0               
     57182371        0               
     43704548        10.75           
     12484697        15.34           
     17299012        0               
     99891737        18.78           
     91187814        16.89           
     36471787        0               
     81647285        10.9            
     15290194        0               
     45914393        17.53           
     54815159        11.82           
     85395219        18.72           
     13731806        13.18           
     75100362        0               
     68269451        0               
     86988155        15.91           
     77440060        15.25           
     68114999        10.51           
     92275859        0               
     28992638        0               
     71422479        0               
     25062013        19.02           
     49357767        18.33           
     51873364        16.39           
     95656771        16.27           
     30246960        0               
     34697743        11.26           
     62126128        10.76           
     51642949        0               
     80694546        14.54           
     65912822        10.35           
     45201670        0               
     81539774        0               
     77324146        19.55           
     62287143        0               
     52313890        12.45           
     36934113        18.33           
     58643376        0               
     27709566        0               
     60543714        16.71           
     35347567        0               
     22598563        0               
     14956687        10.8            
     59596317        16.21           
     93231760        19.47           
     93939698        0               
     41964357        0               
     79133967        0               
     72937662        0               
     59199342        0               
     67277765        17.74           
     92980780        0               
     65278099        16.85           
     78223294        0               
     81334083        16.77           
     49573578        12.43           
     31526241        17.1            
     80740735        13.64           
     73518695        0               
     76595144        0               
     37769366        0               
     40711531        16.17           
     82583252        0               
     31712526        18.91           
     32352361        18.44           
     51808448        16.35           
     46466842        0               
     65308391        0               
     56100384        19              
     52650965        0               
     64262396        0               
     22303979        19.24           
     51108372        15.01           
     38986512        15.11           
     63230770        0               
     86297512        16.19           
