CODIGO                   CANTIDAD                 PRECIO                   INGRESO BRUTO            TIENE DESCUENTO          DESCUENTO                INGRESO TOTAL            
====================================================================================================================================================================================
90766                    67                       25.90                    1735.30                  0                        13.60                    1735.16                  
90758                    53                       25.90                    1372.70                  1                        7.08                     1372.63                  
90365                    22                       25.90                    569.80                   0                        17.39                    569.63                   
77971                    63                       23.90                    1505.70                  0                        8.90                     1505.61                  
77910                    170                      22.90                    3893.00                  0                        17.72                    3892.82                  
77894                    26                       32.90                    855.40                   1                        5.74                     855.34                   
77762                    20                       23.90                    478.00                   0                        5.74                     477.94                   
77703                    81                       24.90                    2016.90                  0                        5.90                     2016.84                  
77691                    32                       23.90                    764.80                   0                        14.48                    764.66                   
77690                    79                       32.90                    2599.10                  0                        13.99                    2598.96                  
77606                    106                      24.90                    2639.40                  1                        19.98                    2639.20                  
77572                    101                      18.90                    1908.90                  0                        17.72                    1908.72                  
77549                    71                       18.90                    1341.90                  1                        19.71                    1341.70                  
77493                    199                      23.90                    4756.10                  1                        12.78                    4755.97                  
77487                    88                       24.90                    2191.20                  1                        9.72                     2191.10                  
77419                    4                        31.90                    127.60                   0                        10.57                    127.49                   
77381                    131                      32.90                    4309.90                  0                        14.80                    4309.75                  
77214                    58                       22.90                    1328.20                  0                        12.78                    1328.07                  
77156                    54                       22.90                    1236.60                  1                        13.52                    1236.46                  
73500                    77                       12.90                    993.30                   0                        10.81                    993.19                   
73428                    121                      19.50                    2359.50                  0                        7.19                     2359.43                  
73410                    32                       12.90                    412.80                   0                        13.99                    412.66                   
55338                    61                       22.90                    1396.90                  1                        9.46                     1396.81                  
55330                    64                       24.90                    1593.60                  1                        6.30                     1593.54                  
53991                    42                       3.90                     163.80                   0                        9.72                     163.70                   
53957                    23                       10.90                    250.70                   0                        19.63                    250.50                   
53939                    39                       4.90                     191.10                   0                        13.52                    190.96                   
53814                    120                      9.90                     1188.00                  1                        10.91                    1187.89                  
53764                    43                       6.90                     296.70                   1                        10.57                    296.59                   
53760                    33                       6.90                     227.70                   1                        10.76                    227.59                   
53546                    85                       9.90                     841.50                   1                        7.19                     841.43                   
53518                    183                      15.90                    2909.70                  0                        13.52                    2909.56                  
53502                    22                       15.90                    349.80                   1                        10.81                    349.69                   
53477                    36                       15.90                    572.40                   1                        13.60                    572.26                   
53377                    125                      3.90                     487.50                   0                        7.47                     487.43                   
53265                    208                      12.90                    2683.20                  0                        18.60                    2683.01                  
39987                    21                       15.50                    325.50                   0                        19.04                    325.31                   
39955                    196                      73.90                    14484.40                 1                        14.83                    14484.25                 
39903                    78                       10.50                    819.00                   1                        13.99                    818.86                   
39896                    9                        128.90                   1160.10                  0                        10.52                    1159.99                  
39864                    44                       7.00                     308.00                   1                        10.52                    307.89                   
39851                    96                       73.90                    7094.40                  1                        16.73                    7094.23                  
39810                    28                       71.90                    2013.20                  0                        11.82                    2013.08                  
39747                    73                       7.00                     511.00                   1                        9.03                     510.91                   
39738                    105                      18.90                    1984.50                  0                        11.82                    1984.38                  
39695                    164                      36.90                    6051.60                  1                        19.63                    6051.40                  
39584                    181                      15.50                    2805.50                  1                        13.44                    2805.37                  
39536                    206                      15.50                    3193.00                  0                        8.70                     3192.91                  
39489                    45                       7.00                     315.00                   0                        6.30                     314.94                   
39475                    66                       71.90                    4745.40                  1                        18.66                    4745.21                  
39442                    30                       21.90                    657.00                   1                        11.88                    656.88                   
39431                    167                      12.50                    2087.50                  1                        11.05                    2087.39                  
39265                    132                      49.90                    6586.80                  1                        8.70                     6586.71                  
39227                    91                       7.00                     637.00                   0                        8.70                     636.91                   
39199                    102                      10.50                    1071.00                  0                        11.88                    1070.88                  
39160                    179                      15.50                    2774.50                  1                        17.39                    2774.33                  
39141                    57                       21.90                    1248.30                  1                        6.80                     1248.23                  
39137                    60                       12.00                    720.00                   0                        10.91                    719.89                   
31815                    95                       30.90                    2935.50                  0                        7.19                     2935.43                  
31796                    40                       31.90                    1276.00                  1                        19.94                    1275.80                  
31644                    40                       33.90                    1356.00                  0                        13.60                    1355.86                  
15950                    63                       43.90                    2765.70                  1                        8.90                     2765.61                  
15945                    19                       48.90                    929.10                   0                        14.48                    928.96                   
15926                    22                       49.90                    1097.80                  1                        5.90                     1097.74                  
15921                    47                       29.50                    1386.50                  1                        16.09                    1386.34                  
15864                    102                      32.50                    3315.00                  1                        16.73                    3314.83                  
15823                    102                      36.90                    3763.80                  0                        18.31                    3763.62                  
15760                    42                       34.50                    1449.00                  0                        6.30                     1448.94                  
15756                    58                       50.90                    2952.20                  0                        5.74                     2952.14                  
15745                    93                       48.90                    4547.70                  1                        14.48                    4547.56                  
15724                    165                      31.50                    5197.50                  0                        7.45                     5197.43                  
15665                    84                       50.90                    4275.60                  1                        18.94                    4275.41                  
15621                    90                       33.50                    3015.00                  1                        13.94                    3014.86                  
15611                    40                       46.90                    1876.00                  0                        5.74                     1875.94                  
15608                    67                       27.90                    1869.30                  0                        18.60                    1869.11                  
15592                    15                       33.90                    508.50                   0                        16.73                    508.33                   
15578                    72                       33.50                    2412.00                  0                        5.74                     2411.94                  
15539                    4                        21.90                    87.60                    1                        13.99                    87.46                    
15525                    66                       58.50                    3861.00                  1                        18.60                    3860.81                  
15510                    19                       35.90                    682.10                   1                        14.80                    681.95                   
15488                    13                       16.90                    219.70                   1                        16.67                    219.53                   
15479                    106                      51.90                    5501.40                  0                        14.83                    5501.25                  
15419                    72                       37.90                    2728.80                  0                        19.42                    2728.61                  
15404                    27                       17.90                    483.30                   0                        17.39                    483.13                   
15392                    38                       18.90                    718.20                   0                        9.46                     718.11                   
15378                    57                       33.50                    1909.50                  0                        13.99                    1909.36                  
15365                    105                      44.90                    4714.50                  1                        5.28                     4714.45                  
15326                    16                       36.90                    590.40                   1                        18.31                    590.22                   
15319                    104                      47.90                    4981.60                  0                        17.39                    4981.43                  
15297                    73                       51.90                    3788.70                  0                        13.52                    3788.56                  
15283                    73                       33.50                    2445.50                  0                        7.19                     2445.43                  
15272                    16                       59.90                    958.40                   1                        7.45                     958.33                   
15197                    129                      47.50                    6127.50                  1                        11.82                    6127.38                  
15153                    60                       18.90                    1134.00                  1                        19.04                    1133.81                  
15142                    63                       52.90                    3332.70                  1                        7.47                     3332.63                  
15136                    128                      60.50                    7744.00                  1                        5.45                     7743.95                  
15116                    163                      49.90                    8133.70                  1                        9.18                     8133.61                  
11871                    83                       54.90                    4556.70                  1                        11.86                    4556.58                  
11850                    76                       53.90                    4096.40                  0                        7.19                     4096.33                  
11751                    95                       8.90                     845.50                   0                        17.39                    845.33                   
11731                    47                       8.90                     418.30                   0                        6.30                     418.24                   
11692                    58                       89.90                    5214.20                  1                        17.36                    5214.03                  
11621                    20                       15.90                    318.00                   1                        11.30                    317.89                   
11620                    51                       15.90                    810.90                   0                        10.91                    810.79                   
11611                    74                       15.90                    1176.60                  1                        15.19                    1176.45                  
11500                    17                       128.90                   2191.30                  0                        17.39                    2191.13                  
11471                    120                      8.90                     1068.00                  0                        6.30                     1067.94                  
11283                    22                       14.90                    327.80                   1                        17.72                    327.62                   
11172                    39                       15.90                    620.10                   1                        5.53                     620.04                   
11171                    55                       15.90                    874.50                   1                        19.42                    874.31                   
====================================================================================================================================================================================
