31796   31.9    
11871   54.9    
77156   22.9    
11171   15.9    
15823   36.9    
77381   32.9    
77549   18.9    
53265   12.9    
55330   24.9    
11283   14.9    
39864   7       
11611   15.9    
77487   24.9    
15479   51.9    
31815   30.9    
15608   27.9    
39747   7       
31644   33.9    
77419   31.9    
15926   49.9    
39695   36.9    
73500   12.9    
90365   25.9    
77703   24.9    
77690   32.9    
15510   35.9    
90766   25.9    
15665   50.9    
39896   128.9   
77214   22.9    
53957   10.9    
53760   6.9     
53477   15.9    
53939   4.9     
15142   52.9    
11172   15.9    
15136   60.5    
39265   49.9    
15488   16.9    
11621   15.9    
15297   51.9    
53764   6.9     
39475   71.9    
77606   24.9    
39137   12      
39489   7       
15921   29.5    
11751   8.9     
77572   18.9    
11692   89.9    
15365   44.9    
53991   3.9     
11620   15.9    
77762   23.9    
77691   23.9    
39738   18.9    
15525   58.5    
15392   18.9    
39851   73.9    
15116   49.9    
15272   59.9    
11731   8.9     
39141   21.9    
53518   15.9    
39903   10.5    
15756   50.9    
53546   9.9     
11850   53.9    
15760   34.5    
53814   9.9     
15419   37.9    
11500   128.9   
77910   22.9    
15592   33.9    
53502   15.9    
39584   15.5    
15611   46.9    
11471   8.9     
39810   71.9    
73428   19.5    
39987   15.5    
15326   36.9    
77493   23.9    
55338   22.9    
15539   21.9    
39227   7       
39431   12.5    
15950   43.9    
15945   48.9    
39199   10.5    
15319   47.9    
15197   47.5    
77894   32.9    
15283   33.5    
39442   21.9    
15378   33.5    
39955   73.9    
15578   33.5    
53377   3.9     
73410   12.9    
15724   31.5    
15864   32.5    
15404   17.9    
77971   23.9    
39536   15.5    
15153   18.9    
39160   15.5    
90758   25.9    
15745   48.9    
15621   33.5    
