====================================================================================================================================================================================


====================================================================================================================================================================================
001                 15092               756.45              9824.78             14292.7             24117.5             8                   4                   10                  
002                 90798               758.51              2181.59             3783.6              5965.19             2                   2                   3                   
003                 70233               902.38              9527.82             17745.8             27273.6             11                  0                   11                  
004                 90907               470.72              845.346             7828.19             8673.54             7                   0                   7                   
005                 14787               298.45              2724.8              8478.7              11203.5             6                   8                   10                  
006                 70269               523.53              1454.14             2585.46             4039.61             3                   0                   3                   
007                 70612               842.24              3789.35             11640.2             15429.6             4                   2                   5                   
008                 90929               405.69              4146.56             5000.99             9147.54             5                   6                   8                   
009                 18708               176.6               431.232             3066.81             3498.04             3                   0                   3                   
010                 35451               897.5               2561.38             8907.72             11469.1             5                   0                   5                   
011                 49768               197.06              562.339             3887.31             4449.65             3                   2                   4                   
012                 70789               19.29               170.475             11465               11635.5             6                   4                   8                   
013                 14655               940.91              9103.82             8920.15             18024               6                   2                   7                   
014                 34115               893.34              4178.88             2442.15             6621.03             4                   2                   5                   
015                 25448               496.87              2801.92             10222.9             13024.8             7                   0                   7                   
016                 90562               869.33              2420.45             1291.24             3711.69             3                   4                   5                   
017                 30557               169.44              826.889             8216.7              9043.59             7                   6                   10                  
018                 30082               184.46              889.475             14159.2             15048.7             5                   0                   5                   
019                 52063               792.07              3171.33             2513.22             5684.55             1                   6                   4                   
020                 19777               977.98              8249.44             6524.82             14774.3             3                   8                   7                   
