A                        15055                    22598563                 81.22                    5                        25                       1156                     
A                        15047                    59561864                 11.25                    2                        2                        1009.8                   
A                        15041                    86988155                 21.32                    5                        16                       1045.5                   
B                        15089                    62287143                 15.02                    7                        10                       85                       
B                        15086                    28992638                 6.95                     1                        0                        0                        
B                        15082                    13731806                 26.18                    7                        19                       493.85                   
B                        15067                    91187814                 59.8                     3                        13                       391                      
B                        15055                    61061535                 2.6                      5                        12                       1190                     
B                        15055                    66039166                 48.69                    1                        4                        33.15                    
B                        15045                    59596317                 16.88                    4                        16                       805.8                    
B                        15034                    49357767                 77.12                    3                        11                       105.4                    
C                        15088                    72973662                 4.87                     3                        5                        73.1893                  
C                        15058                    58643376                 20.23                    3                        11                       619.65                   
C                        15039                    63640178                 11.46                    3                        5                        398.377                  
C                        15039                    35347567                 72.1                     2                        4                        61.2                     
C                        15026                    77440060                 42.13                    4                        18                       971.601                  
C                        15019                    37282858                 79.54                    4                        18                       867                      
C                        15019                    17299012                 29.98                    1                        1                        110.5                    
D                        15086                    34697743                 53.14                    3                        8                        215.42                   
D                        15070                    81539774                 76.71                    1                        6                        650.25                   
D                        15023                    66091742                 35.49                    2                        10                       448.8                    
E                        15094                    36471787                 65.08                    4                        18                       168.3                    
E                        15094                    93231760                 22.25                    4                        16                       275.4                    
E                        15090                    20371464                 42.96                    9                        28                       7.83997                  
E                        15090                    54815159                 52.58                    8                        32                       436.475                  
E                        15090                    36934113                 85.27                    6                        21                       13.71                    
E                        15089                    35852072                 44.29                    6                        23                       547.592                  
E                        15088                    71422479                 79.07                    5                        5                        248.791                  
E                        15088                    51642949                 27.79                    7                        16                       28.6695                  
E                        15088                    43704548                 84.78                    3                        13                       782                      
E                        15082                    94683380                 58.66                    4                        11                       237.934                  
E                        15070                    85395219                 29.81                    5                        16                       557.94                   
E                        15058                    52313890                 12.96                    3                        14                       166.306                  
E                        15056                    15290194                 88.17                    8                        20                       103.7                    
E                        15047                    54149342                 62.1                     7                        27                       1190                     
E                        15045                    51873364                 9.49                     3                        11                       1292                     
E                        15043                    27709566                 22.82                    4                        11                       493.351                  
E                        15043                    93939698                 14.49                    5                        9                        38.25                    
E                        15041                    32538825                 83.54                    5                        20                       558.383                  
E                        15031                    62126128                 22.47                    8                        33                       229.5                    
E                        15025                    45201670                 84.79                    3                        4                        193.8                    
E                        15025                    80694546                 4.19                     4                        16                       137.7                    
E                        15023                    77324146                 23.1                     5                        20                       168.3                    
E                        15023                    45914393                 5.05                     4                        11                       59.5                     
E                        15020                    93961840                 15.57                    9                        42                       188.529                  
E                        15019                    22679759                 0                        2                        5                        40.8                     
E                        15012                    51465986                 7.8                      7                        29                       125.816                  
E                        15012                    65912822                 77.02                    3                        9                        224.25                   
F                        15094                    99891737                 0                        6                        23                       190.4                    
F                        15082                    81647285                 24.13                    4                        9                        368.596                  
F                        15070                    72330000                 2.07                     6                        26                       918                      
F                        15068                    90367684                 25.37                    6                        14                       298.35                   
F                        15068                    57182371                 35.11                    3                        4                        1228.25                  
F                        15068                    92275859                 38.99                    1                        3                        374.85                   
F                        15068                    68269451                 77.3                     4                        16                       43.172                   
F                        15067                    34571095                 34.67                    1                        1                        28.6695                  
F                        15060                    35606314                 70.47                    4                        13                       70.0434                  
F                        15055                    93282118                 63.25                    6                        26                       54.84                    
F                        15047                    68114999                 24.26                    5                        13                       91.8                     
F                        15031                    31284904                 85.19                    4                        11                       208.25                   
F                        15027                    14956687                 28.09                    2                        9                        1118.6                   
F                        15023                    53420926                 39.11                    3                        17                       674.05                   
F                        15020                    41964357                 58.3                     3                        6                        416.5                    
F                        15019                    30246960                 4.44                     4                        13                       665.55                   
F                        15018                    12484697                 44.25                    5                        16                       650.25                   
F                        15018                    75100362                 6.22                     1                        0                        0                        
F                        15012                    95656771                 64.08                    3                        16                       716.87                   
