                                                                   CONSOLIDADO DE SOTCKS DE PRODUCTOS POR ALMACEN
                                                                            DEL 01/01/2023 AL 30/05/2023
====================================================================================================================================================================================
ALMACEN: 10004 -  San Miguel    
------------------------------------------------------------------------------------------------------------------------------------------------------------------------------------
PRODUCTO              STOCK INICIAL         INGRESOS              SALIDAS               ENVIADO A ALM.        RECIBIDO DE ALM.      STOCK FINAL           OBSERVACIONES         
------------------------------------------------------------------------------------------------------------------------------------------------------------------------------------
13450                 1489                  268                   0                     32                    0                     204                   
14616                 40                    0                     0                     222                   0                     -222                  Trans. Incorrecta     
20413                 597                   0                     0                     0                     0                     0                     
23195                 65                    0                     0                     0                     0                     0                     
23981                 59                    55                    212                   0                     0                     -102                  Trans. Incorrecta     
31855                 91                    0                     0                     0                     0                     0                     
42169                 2823                  0                     0                     0                     -140                  0                     
43356                 2761                  0                     0                     0                     0                     0                     
44072                 2486                  0                     0                     0                     0                     0                     
46108                 1671                  0                     0                     0                     0                     0                     
46549                 48                    0                     100                   0                     0                     -100                  Trans. Incorrecta     
55401                 2300                  0                     0                     0                     0                     0                     
61460                 53                    0                     0                     0                     0                     0                     
73510                 1216                  0                     0                     0                     0                     0                     
76402                 427                   0                     0                     0                     0                     0                     
83464                 269                   121                   260                   127                   -144                  -641                  Trans. Incorrecta     
86545                 531                   0                     42                    0                     0                     -42                   Trans. Incorrecta     
95819                 56                    0                     251                   174                   -122                  -798                  Trans. Incorrecta     
97340                 1732                  0                     0                     0                     0                     0                     
====================================================================================================================================================================================
ALMACEN: 10001 -  Jesus
------------------------------------------------------------------------------------------------------------------------------------------------------------------------------------
PRODUCTO              STOCK INICIAL         INGRESOS              SALIDAS               ENVIADO A ALM.        RECIBIDO DE ALM.      STOCK FINAL           OBSERVACIONES         
------------------------------------------------------------------------------------------------------------------------------------------------------------------------------------
13450                 2094                  0                     0                     0                     -215                  0                     
21583                 1622                  0                     171                   0                     -290                  -461                  Trans. Incorrecta     
29466                 1599                  0                     0                     0                     -148                  0                     
38304                 1450                  0                     0                     267                   0                     -267                  Trans. Incorrecta     
41003                 2183                  0                     18                    0                     0                     -18                   Trans. Incorrecta     
55401                 500                   0                     0                     0                     0                     0                     
57409                 229                   0                     200                   0                     0                     -200                  Trans. Incorrecta     
68474                 140                   0                     0                     0                     0                     0                     
70604                 27                    0                     0                     0                     0                     0                     
73510                 1813                  0                     0                     0                     0                     0                     
83464                 59                    0                     0                     0                     0                     0                     
86545                 2099                  0                     0                     0                     0                     0                     
95819                 571                   0                     0                     0                     0                     0                     
97340                 2333                  0                     0                     0                     0                     0                     
98824                 82                    0                     0                     0                     0                     0                     
====================================================================================================================================================================================
ALMACEN: 10003 -  San Juan De
------------------------------------------------------------------------------------------------------------------------------------------------------------------------------------
PRODUCTO              STOCK INICIAL         INGRESOS              SALIDAS               ENVIADO A ALM.        RECIBIDO DE ALM.      STOCK FINAL           OBSERVACIONES         
------------------------------------------------------------------------------------------------------------------------------------------------------------------------------------
18575                 2792                  0                     0                     0                     0                     0                     
21583                 50                    78                    0                     0                     0                     78                    
22303                 51                    0                     0                     0                     0                     0                     
22397                 1397                  0                     0                     0                     0                     0                     
29466                 71                    0                     0                     148                   0                     -148                  Trans. Incorrecta     
41003                 1118                  0                     0                     0                     -203                  0                     
43356                 1949                  0                     0                     0                     -295                  0                     
52703                 2506                  0                     0                     0                     0                     0                     
60829                 60                    0                     0                     0                     -215                  0                     
61460                 57                    0                     0                     0                     0                     0                     
66721                 2571                  0                     0                     0                     0                     0                     
68474                 69                    0                     0                     0                     0                     0                     
74543                 1248                  0                     0                     0                     0                     0                     
====================================================================================================================================================================================
ALMACEN: 10005 -  Central    
------------------------------------------------------------------------------------------------------------------------------------------------------------------------------------
PRODUCTO              STOCK INICIAL         INGRESOS              SALIDAS               ENVIADO A ALM.        RECIBIDO DE ALM.      STOCK FINAL           OBSERVACIONES         
------------------------------------------------------------------------------------------------------------------------------------------------------------------------------------
13450                 1232                  0                     0                     202                   0                     -202                  Trans. Incorrecta     
14616                 377                   220                   122                   0                     0                     318                   
16043                 2667                  0                     0                     0                     -161                  0                     
16913                 972                   0                     0                     0                     0                     0                     
22397                 484                   0                     145                   0                     0                     -145                  Trans. Incorrecta     
23195                 431                   0                     0                     125                   0                     -125                  Trans. Incorrecta     
23981                 1786                  0                     0                     0                     0                     0                     
31855                 419                   0                     0                     0                     0                     0                     
39131                 38                    0                     0                     0                     0                     0                     
41003                 2877                  0                     0                     0                     0                     0                     
42169                 920                   37                    0                     0                     0                     37                    
44072                 444                   0                     0                     0                     -89                   0                     
46549                 347                   0                     0                     0                     0                     0                     
55401                 2023                  0                     0                     0                     0                     0                     
55888                 199                   0                     0                     0                     0                     0                     
57409                 163                   0                     0                     0                     0                     0                     
60829                 42                    0                     0                     215                   0                     -215                  Trans. Incorrecta     
66721                 563                   0                     0                     0                     0                     0                     
68474                 2020                  0                     232                   0                     0                     -232                  Trans. Incorrecta     
71509                 346                   0                     0                     0                     0                     0                     
73510                 1119                  0                     92                    0                     0                     -92                   Trans. Incorrecta     
74543                 1445                  263                   0                     0                     0                     263                   
85293                 44                    0                     0                     0                     0                     0                     
97340                 1455                  0                     0                     0                     0                     0                     
====================================================================================================================================================================================
ALMACEN: 10007 -  Villa Maria Del Triunfo    
------------------------------------------------------------------------------------------------------------------------------------------------------------------------------------
PRODUCTO              STOCK INICIAL         INGRESOS              SALIDAS               ENVIADO A ALM.        RECIBIDO DE ALM.      STOCK FINAL           OBSERVACIONES         
------------------------------------------------------------------------------------------------------------------------------------------------------------------------------------
13450                 1267                  0                     0                     13                    -32                   -45                   Trans. Incorrecta     
18575                 1109                  0                     0                     0                     0                     0                     
18683                 527                   352                   0                     0                     0                     434                   
20052                 402                   249                   29                    0                     0                     191                   
22397                 61                    0                     0                     0                     0                     0                     
23981                 1875                  142                   0                     0                     -111                  31                    
33947                 50                    0                     0                     190                   -308                  -302                  Trans. Incorrecta     
38304                 2801                  0                     53                    0                     -267                  -320                  Trans. Incorrecta     
41003                 1150                  0                     0                     0                     0                     0                     
42169                 2711                  0                     0                     0                     0                     0                     
44031                 99                    0                     0                     0                     -248                  0                     
46108                 555                   0                     0                     0                     0                     0                     
46549                 20                    0                     0                     0                     0                     0                     
55401                 93                    0                     0                     0                     0                     0                     
60829                 696                   0                     0                     0                     0                     0                     
73510                 709                   0                     0                     0                     0                     0                     
94310                 98                    0                     0                     0                     0                     0                     
====================================================================================================================================================================================
